-3.000000000000000000e+00 1.460691707797378072e-02
-2.969849246231155870e+00 1.554895775132305799e-02
-2.939698492462311741e+00 1.654130746775977351e-02
-2.909547738693467167e+00 1.758588449077229388e-02
-2.879396984924623037e+00 1.868462686310571122e-02
-2.849246231155778908e+00 1.983948861109335535e-02
-2.819095477386934778e+00 2.105243565864117067e-02
-2.788944723618090649e+00 2.232544144867550789e-02
-2.758793969849246075e+00 2.366048227105946658e-02
-2.728643216080401945e+00 2.505953229725717962e-02
-2.698492462311557816e+00 2.652455832337732161e-02
-2.668341708542713686e+00 2.805751422464981479e-02
-2.638190954773869557e+00 2.966033512588376470e-02
-2.608040201005024983e+00 3.133493129401271338e-02
-2.577889447236180853e+00 3.308318176044958148e-02
-2.547738693467336724e+00 3.490692768264586077e-02
-2.517587939698492594e+00 3.680796545596491665e-02
-2.487437185929648464e+00 3.878803958873751345e-02
-2.457286432160803891e+00 4.084883535515456549e-02
-2.427135678391959761e+00 4.299197124246196405e-02
-2.396984924623115631e+00 4.521899121074770406e-02
-2.366834170854271502e+00 4.753135678543581044e-02
-2.336683417085427372e+00 4.993043900442360045e-02
-2.306532663316582799e+00 5.241751024359847522e-02
-2.276381909547738669e+00 5.499373594624405726e-02
-2.246231155778894539e+00 5.766016628357498175e-02
-2.216080402010050410e+00 6.041772777531660005e-02
-2.185929648241206280e+00 6.326721490085794597e-02
-2.155778894472361706e+00 6.620928173303727848e-02
-2.125628140703517577e+00 6.924443362806144420e-02
-2.095477386934673447e+00 7.237301900639664387e-02
-2.065326633165829318e+00 7.559522126068826675e-02
-2.035175879396985188e+00 7.891105082785782043e-02
-2.005025125628140614e+00 8.232033746347346137e-02
-1.974874371859296485e+00 8.582272275728634880e-02
-1.944723618090452355e+00 8.941765292945445809e-02
-1.914572864321608003e+00 9.310437194742886280e-02
-1.884422110552763874e+00 9.688191500374516985e-02
-1.854271356783919744e+00 1.007491023950343872e-01
-1.824120603015075393e+00 1.047045338424330702e-01
-1.793969849246231263e+00 1.087465832932278942e-01
-1.763819095477386911e+00 1.128733942430043546e-01
-1.733668341708542782e+00 1.170828756167796580e-01
-1.703517587939698652e+00 1.213726982465822973e-01
-1.673366834170854300e+00 1.257402919816892062e-01
-1.643216080402010171e+00 1.301828434662489209e-01
-1.613065326633165819e+00 1.346972946172997343e-01
-1.582914572864321689e+00 1.392803418342431487e-01
-1.552763819095477338e+00 1.439284359686521519e-01
-1.522613065326633208e+00 1.486377830808886247e-01
-1.492462311557789079e+00 1.534043460073798992e-01
-1.462311557788944727e+00 1.582238467595692144e-01
-1.432160804020100597e+00 1.630917697725141058e-01
-1.402010050251256246e+00 1.680033660178795463e-01
-1.371859296482412116e+00 1.729536579926613526e-01
-1.341708542713567986e+00 1.779374455914017605e-01
-1.311557788944723635e+00 1.829493128659356316e-01
-1.281407035175879505e+00 1.879836356728475100e-01
-1.251256281407035154e+00 1.930345902048503925e-01
-1.221105527638191024e+00 1.980961623982289144e-01
-1.190954773869346894e+00 2.031621582043500185e-01
-1.160804020100502543e+00 2.082262147090513660e-01
-1.130653266331658413e+00 2.132818120794934824e-01
-1.100502512562814061e+00 2.183222863138341296e-01
-1.070351758793969932e+00 2.233408427648702066e-01
-1.040201005025125802e+00 2.283305704046248719e-01
-1.010050251256281451e+00 2.332844567927548352e-01
-9.798994974874370989e-01 2.381954037076451369e-01
-9.497487437185929693e-01 2.430562433951663215e-01
-9.195979899497488397e-01 2.478597553863218228e-01
-8.894472361809047101e-01 2.525986838314318028e-01
-8.592964824120605805e-01 2.572657552951105320e-01
-8.291457286432160068e-01 2.618536969531212732e-01
-7.989949748743718771e-01 2.663552551292536763e-01
-7.688442211055277475e-01 2.707632141076938836e-01
-7.386934673366836179e-01 2.750704151539561382e-01
-7.085427135678394883e-01 2.792697756753461658e-01
-6.783919597989949146e-01 2.833543084501399800e-01
-6.482412060301507850e-01 2.873171408532071980e-01
-6.180904522613066554e-01 2.911515340046989531e-01
-5.879396984924625258e-01 2.948509017676645971e-01
-5.577889447236183962e-01 2.984088295200735819e-01
-5.276381909547738225e-01 3.018190926267055318e-01
-4.974874371859296929e-01 3.050756745367315115e-01
-4.673366834170855633e-01 3.081727844335577782e-01
-4.371859296482414337e-01 3.111048743646269710e-01
-4.070351758793973040e-01 3.138666557803779789e-01
-3.768844221105527303e-01 3.164531154134499480e-01
-3.467336683417086007e-01 3.188595304314610912e-01
-3.165829145728644711e-01 3.210814827993085374e-01
-2.864321608040203415e-01 3.231148727898863759e-01
-2.562814070351762119e-01 3.249559315854156361e-01
-2.261306532663316382e-01 3.266012329151860571e-01
-1.959798994974875086e-01 3.280477036794183787e-01
-1.658291457286433790e-01 3.292926335131448612e-01
-1.356783919597992494e-01 3.303336832484501939e-01
-1.055276381909546757e-01 3.311688922380925382e-01
-7.537688442211054607e-02 3.317966845084122096e-01
-4.522613065326641646e-02 3.322158737145003982e-01
-1.507537688442228685e-02 3.324256668758209798e-01
1.507537688442184276e-02 3.324256668758209798e-01
4.522613065326641646e-02 3.322158737145003982e-01
7.537688442211054607e-02 3.317966845084122096e-01
1.055276381909546757e-01 3.311688922380925382e-01
1.356783919597988053e-01 3.303336832484501939e-01
1.658291457286429349e-01 3.292926335131448612e-01
1.959798994974875086e-01 3.280477036794183787e-01
2.261306532663316382e-01 3.266012329151860571e-01
2.562814070351757678e-01 3.249559315854156916e-01
2.864321608040198974e-01 3.231148727898864315e-01
3.165829145728640270e-01 3.210814827993085929e-01
3.467336683417086007e-01 3.188595304314610912e-01
3.768844221105527303e-01 3.164531154134499480e-01
4.070351758793968600e-01 3.138666557803780344e-01
4.371859296482409896e-01 3.111048743646269710e-01
4.673366834170851192e-01 3.081727844335578892e-01
4.974874371859296929e-01 3.050756745367315115e-01
5.276381909547738225e-01 3.018190926267055318e-01
5.577889447236179521e-01 2.984088295200736929e-01
5.879396984924620817e-01 2.948509017676646526e-01
6.180904522613062113e-01 2.911515340046990086e-01
6.482412060301507850e-01 2.873171408532071980e-01
6.783919597989949146e-01 2.833543084501399800e-01
7.085427135678390442e-01 2.792697756753462768e-01
7.386934673366831738e-01 2.750704151539561937e-01
7.688442211055273035e-01 2.707632141076939392e-01
7.989949748743718771e-01 2.663552551292536763e-01
8.291457286432160068e-01 2.618536969531212732e-01
8.592964824120601364e-01 2.572657552951105875e-01
8.894472361809042660e-01 2.525986838314318583e-01
9.195979899497483956e-01 2.478597553863219338e-01
9.497487437185929693e-01 2.430562433951663215e-01
9.798994974874370989e-01 2.381954037076451924e-01
1.010050251256281229e+00 2.332844567927548629e-01
1.040201005025125802e+00 2.283305704046248719e-01
1.070351758793969488e+00 2.233408427648703176e-01
1.100502512562814061e+00 2.183222863138341296e-01
1.130653266331657747e+00 2.132818120794935934e-01
1.160804020100502321e+00 2.082262147090514215e-01
1.190954773869346894e+00 2.031621582043500185e-01
1.221105527638190580e+00 1.980961623982289976e-01
1.251256281407035154e+00 1.930345902048503925e-01
1.281407035175878839e+00 1.879836356728476210e-01
1.311557788944723413e+00 1.829493128659357148e-01
1.341708542713567986e+00 1.779374455914017605e-01
1.371859296482411672e+00 1.729536579926614637e-01
1.402010050251256246e+00 1.680033660178795463e-01
1.432160804020099931e+00 1.630917697725141613e-01
1.462311557788944505e+00 1.582238467595692699e-01
1.492462311557789079e+00 1.534043460073798992e-01
1.522613065326632764e+00 1.486377830808886802e-01
1.552763819095477338e+00 1.439284359686521519e-01
1.582914572864321023e+00 1.392803418342432320e-01
1.613065326633165597e+00 1.346972946172997621e-01
1.643216080402010171e+00 1.301828434662489209e-01
1.673366834170853856e+00 1.257402919816892894e-01
1.703517587939698430e+00 1.213726982465822973e-01
1.733668341708542115e+00 1.170828756167797413e-01
1.763819095477386689e+00 1.128733942430043963e-01
1.793969849246231263e+00 1.087465832932278942e-01
1.824120603015074948e+00 1.047045338424331534e-01
1.854271356783919522e+00 1.007491023950343872e-01
1.884422110552763208e+00 9.688191500374523923e-02
1.914572864321607781e+00 9.310437194742891831e-02
1.944723618090452355e+00 8.941765292945445809e-02
1.974874371859296041e+00 8.582272275728641819e-02
2.005025125628140614e+00 8.232033746347346137e-02
2.035175879396984300e+00 7.891105082785790370e-02
2.065326633165828873e+00 7.559522126068833614e-02
2.095477386934673447e+00 7.237301900639662999e-02
2.125628140703517133e+00 6.924443362806149971e-02
2.155778894472361706e+00 6.620928173303729236e-02
2.185929648241205392e+00 6.326721490085801536e-02
2.216080402010049966e+00 6.041772777531664862e-02
2.246231155778894539e+00 5.766016628357498175e-02
2.276381909547738225e+00 5.499373594624410583e-02
2.306532663316582799e+00 5.241751024359847522e-02
2.336683417085426484e+00 4.993043900442366290e-02
2.366834170854271058e+00 4.753135678543585901e-02
2.396984924623115631e+00 4.521899121074769018e-02
2.427135678391959317e+00 4.299197124246199875e-02
2.457286432160803891e+00 4.084883535515457936e-02
2.487437185929647576e+00 3.878803958873759672e-02
2.517587939698492150e+00 3.680796545596491665e-02
2.547738693467336724e+00 3.490692768264586077e-02
2.577889447236180409e+00 3.308318176044962311e-02
2.608040201005024983e+00 3.133493129401271338e-02
2.638190954773868668e+00 2.966033512588383061e-02
2.668341708542713242e+00 2.805751422464982867e-02
2.698492462311557816e+00 2.652455832337733549e-02
2.728643216080401501e+00 2.505953229725719697e-02
2.758793969849246075e+00 2.366048227105947352e-02
2.788944723618090649e+00 2.232544144867550789e-02
2.819095477386934334e+00 2.105243565864117067e-02
2.849246231155778908e+00 1.983948861109335535e-02
2.879396984924622593e+00 1.868462686310572857e-02
2.909547738693467167e+00 1.758588449077228347e-02
2.939698492462311741e+00 1.654130746775977351e-02
2.969849246231155426e+00 1.554895775132305799e-02
3.000000000000000000e+00 1.460691707797378072e-02
