-3.000000000000000000e+00 3.716798786835744724e-06
-2.969849246231155870e+00 5.402740589448112322e-06
-2.939698492462311741e+00 7.808932349082775689e-06
-2.909547738693467167e+00 1.122281193504841569e-05
-2.879396984924623037e+00 1.603777773169466083e-05
-2.849246231155778908e+00 2.278868027191398765e-05
-2.819095477386934778e+00 3.219783275705649243e-05
-2.788944723618090649e+00 4.523416576812183893e-05
-2.758793969849246075e+00 6.318864030275686626e-05
-2.728643216080401945e+00 8.776955882210976765e-05
-2.698492462311557816e+00 1.212219596531397334e-04
-2.668341708542713686e+00 1.664758210882736201e-04
-2.638190954773869557e+00 2.273283034143237249e-04
-2.608040201005024983e+00 3.086656744607478987e-04
-2.577889447236180853e+00 4.167308397101482874e-04
-2.547738693467336724e+00 5.594424618565081719e-04
-2.517587939698492594e+00 7.467714253435843788e-04
-2.487437185929648464e+00 9.911797869609992057e-04
-2.457286432160803891e+00 1.308126254732709052e-03
-2.427135678391959761e+00 1.716640552003087516e-03
-2.396984924623115631e+00 2.239966653276334423e-03
-2.366834170854271502e+00 2.906271736293316015e-03
-2.336683417085427372e+00 3.749413716261832015e-03
-2.306532663316582799e+00 4.809755381913490176e-03
-2.276381909547738669e+00 6.135007454332579852e-03
-2.246231155778894539e+00 7.781076412994892243e-03
-2.216080402010050410e+00 9.812885825921531177e-03
-2.185929648241206280e+00 1.230513241180561552e-02
-2.155778894472361706e+00 1.534293047110988316e-02
-2.125628140703517577e+00 1.902229106299204234e-02
-2.095477386934673447e+00 2.345037587713491578e-02
-2.065326633165829318e+00 2.874546073339943539e-02
-2.035175879396985188e+00 3.503654067422643653e-02
-2.005025125628140614e+00 4.246250835888822073e-02
-1.974874371859296485e+00 5.117084057731028507e-02
-1.944723618090452355e+00 6.131573476714748810e-02
-1.914572864321608003e+00 7.305564892038513003e-02
-1.884422110552763874e+00 8.655021451272319755e-02
-1.854271356783919744e+00 1.019565131589026813e-01
-1.824120603015075393e+00 1.194247333863388133e-01
-1.793969849246231263e+00 1.390932536994561597e-01
-1.763819095477386911e+00 1.610832310974089354e-01
-1.733668341708542782e+00 1.854928091692804870e-01
-1.703517587939698652e+00 2.123910952444372224e-01
-1.673366834170854300e+00 2.418120899493877152e-01
-1.643216080402010171e+00 2.737487828274403623e-01
-1.613065326633165819e+00 3.081476522123933748e-01
-1.582914572864321689e+00 3.449038241277938011e-01
-1.552763819095477338e+00 3.838571515882580609e-01
-1.522613065326633208e+00 4.247894706086806083e-01
-1.492462311557789079e+00 4.674232712564144743e-01
-1.462311557788944727e+00 5.114219906032217988e-01
-1.432160804020100597e+00 5.563920895727415550e-01
-1.402010050251256246e+00 6.018870183685656183e-01
-1.371859296482412116e+00 6.474131071770063972e-01
-1.341708542713567986e+00 6.924373427437331419e-01
-1.311557788944723635e+00 7.363969105194558828e-01
-1.281407035175879505e+00 7.787103002224212700e-01
-1.251256281407035154e+00 8.187896941102915660e-01
-1.221105527638191024e+00 8.560542863537926594e-01
-1.190954773869346894e+00 8.899441228792802638e-01
-1.160804020100502543e+00 9.199340076951904033e-01
-1.130653266331658413e+00 9.455469971478279723e-01
-1.100502512562814061e+00 9.663669999513281317e-01
-1.070351758793969932e+00 9.820500192852714694e-01
-1.040201005025125802e+00 9.923336136109843775e-01
-1.010050251256281451e+00 9.970442137273595185e-01
-9.798994974874370989e-01 9.961020123658020919e-01
-9.497487437185929693e-01 9.895232356345581293e-01
-9.195979899497488397e-01 9.774197083237626815e-01
-8.894472361809047101e-01 9.599957323391281605e-01
-8.592964824120605805e-01 9.375424039299399270e-01
-8.291457286432160068e-01 9.104295955562465847e-01
-7.989949748743718771e-01 8.790959172255985443e-01
-7.688442211055277475e-01 8.440370456320198667e-01
-7.386934673366836179e-01 8.057928640971313561e-01
-7.085427135678394883e-01 7.649338899145780024e-01
-6.783919597989949146e-01 7.220474772289656729e-01
-6.482412060301507850e-01 6.777242732791025626e-01
-6.180904522613066554e-01 6.325453751230636357e-01
-5.879396984924625258e-01 5.870705853007680552e-01
-5.577889447236183962e-01 5.418281015777099974e-01
-5.276381909547738225e-01 4.973059018411762344e-01
-4.974874371859296929e-01 4.539450045960676805e-01
-4.673366834170855633e-01 4.121347025823577925e-01
-4.371859296482414337e-01 3.722097858451938746e-01
-4.070351758793973040e-01 3.344496947256260788e-01
-3.768844221105527303e-01 2.990794756817692912e-01
-3.467336683417086007e-01 2.662723558373881749e-01
-3.165829145728644711e-01 2.361537071342801886e-01
-2.864321608040203415e-01 2.088061385925807090e-01
-2.562814070351762119e-01 1.842754353824733737e-01
-2.261306532663316382e-01 1.625770554757158537e-01
-1.959798994974875086e-01 1.437028973769213236e-01
-1.658291457286433790e-01 1.276280642970868129e-01
-1.356783919597992494e-01 1.143173694145499797e-01
-1.055276381909546757e-01 1.037313518383418953e-01
-7.537688442211054607e-02 9.583160192397280341e-02
-4.522613065326641646e-02 9.058522628545953581e-02
-1.507537688442228685e-02 8.796831607725144608e-02
1.507537688442184276e-02 8.796831607725139057e-02
4.522613065326641646e-02 9.058522628545956357e-02
7.537688442211054607e-02 9.583160192397280341e-02
1.055276381909546757e-01 1.037313518383418953e-01
1.356783919597988053e-01 1.143173694145498548e-01
1.658291457286429349e-01 1.276280642970865076e-01
1.959798994974875086e-01 1.437028973769213236e-01
2.261306532663316382e-01 1.625770554757157982e-01
2.562814070351757678e-01 1.842754353824730407e-01
2.864321608040198974e-01 2.088061385925803204e-01
3.165829145728640270e-01 2.361537071342797722e-01
3.467336683417086007e-01 2.662723558373881194e-01
3.768844221105527303e-01 2.990794756817692912e-01
4.070351758793968600e-01 3.344496947256255792e-01
4.371859296482409896e-01 3.722097858451932639e-01
4.673366834170851192e-01 4.121347025823571819e-01
4.974874371859296929e-01 4.539450045960676805e-01
5.276381909547738225e-01 4.973059018411762344e-01
5.577889447236179521e-01 5.418281015777093312e-01
5.879396984924620817e-01 5.870705853007673891e-01
6.180904522613062113e-01 6.325453751230629695e-01
6.482412060301507850e-01 6.777242732791025626e-01
6.783919597989949146e-01 7.220474772289655618e-01
7.085427135678390442e-01 7.649338899145773363e-01
7.386934673366831738e-01 8.057928640971306899e-01
7.688442211055273035e-01 8.440370456320193115e-01
7.989949748743718771e-01 8.790959172255985443e-01
8.291457286432160068e-01 9.104295955562465847e-01
8.592964824120601364e-01 9.375424039299395940e-01
8.894472361809042660e-01 9.599957323391279385e-01
9.195979899497483956e-01 9.774197083237624595e-01
9.497487437185929693e-01 9.895232356345581293e-01
9.798994974874370989e-01 9.961020123658020919e-01
1.010050251256281229e+00 9.970442137273595185e-01
1.040201005025125802e+00 9.923336136109843775e-01
1.070351758793969488e+00 9.820500192852716914e-01
1.100502512562814061e+00 9.663669999513281317e-01
1.130653266331657747e+00 9.455469971478285274e-01
1.160804020100502321e+00 9.199340076951906253e-01
1.190954773869346894e+00 8.899441228792802638e-01
1.221105527638190580e+00 8.560542863537932146e-01
1.251256281407035154e+00 8.187896941102915660e-01
1.281407035175878839e+00 7.787103002224221582e-01
1.311557788944723413e+00 7.363969105194562159e-01
1.341708542713567986e+00 6.924373427437331419e-01
1.371859296482411672e+00 6.474131071770071744e-01
1.402010050251256246e+00 6.018870183685656183e-01
1.432160804020099931e+00 5.563920895727425542e-01
1.462311557788944505e+00 5.114219906032220209e-01
1.492462311557789079e+00 4.674232712564144743e-01
1.522613065326632764e+00 4.247894706086812744e-01
1.552763819095477338e+00 3.838571515882580609e-01
1.582914572864321023e+00 3.449038241277946337e-01
1.613065326633165597e+00 3.081476522123936523e-01
1.643216080402010171e+00 2.737487828274404178e-01
1.673366834170853856e+00 2.418120899493881593e-01
1.703517587939698430e+00 2.123910952444374167e-01
1.733668341708542115e+00 1.854928091692810144e-01
1.763819095477386689e+00 1.610832310974090742e-01
1.793969849246231263e+00 1.390932536994561319e-01
1.824120603015074948e+00 1.194247333863390215e-01
1.854271356783919522e+00 1.019565131589028201e-01
1.884422110552763208e+00 8.655021451272347510e-02
1.914572864321607781e+00 7.305564892038522717e-02
1.944723618090452355e+00 6.131573476714748810e-02
1.974874371859296041e+00 5.117084057731039609e-02
2.005025125628140614e+00 4.246250835888822073e-02
2.035175879396984300e+00 3.503654067422663082e-02
2.065326633165828873e+00 2.874546073339950131e-02
2.095477386934673447e+00 2.345037587713491578e-02
2.125628140703517133e+00 1.902229106299209438e-02
2.155778894472361706e+00 1.534293047110988316e-02
2.185929648241205392e+00 1.230513241180569185e-02
2.216080402010049966e+00 9.812885825921565872e-03
2.246231155778894539e+00 7.781076412994892243e-03
2.276381909547738225e+00 6.135007454332601536e-03
2.306532663316582799e+00 4.809755381913494512e-03
2.336683417085426484e+00 3.749413716261861939e-03
2.366834170854271058e+00 2.906271736293323821e-03
2.396984924623115631e+00 2.239966653276332254e-03
2.427135678391959317e+00 1.716640552003093588e-03
2.457286432160803891e+00 1.308126254732709052e-03
2.487437185929647576e+00 9.911797869610072288e-04
2.517587939698492150e+00 7.467714253435869809e-04
2.547738693467336724e+00 5.594424618565087140e-04
2.577889447236180409e+00 4.167308397101497511e-04
2.608040201005024983e+00 3.086656744607478987e-04
2.638190954773868668e+00 2.273283034143257577e-04
2.668341708542713242e+00 1.664758210882745146e-04
2.698492462311557816e+00 1.212219596531397334e-04
2.728643216080401501e+00 8.776955882211007936e-05
2.758793969849246075e+00 6.318864030275697468e-05
2.788944723618090649e+00 4.523416576812183893e-05
2.819095477386934334e+00 3.219783275705660085e-05
2.849246231155778908e+00 2.278868027191398765e-05
2.879396984924622593e+00 1.603777773169474553e-05
2.909547738693467167e+00 1.122281193504841569e-05
2.939698492462311741e+00 7.808932349082762137e-06
2.969849246231155426e+00 5.402740589448130109e-06
3.000000000000000000e+00 3.716798786835744724e-06
