-3.000000000000000000e+00 3.716798786835744724e-06
-2.969849246231155870e+00 5.402740589448112322e-06
-2.939698492462311741e+00 7.808932349082773995e-06
-2.909547738693467167e+00 1.122281193504841400e-05
-2.879396984924623037e+00 1.603777773169465744e-05
-2.849246231155778908e+00 2.278868027191398088e-05
-2.819095477386934778e+00 3.219783275705647888e-05
-2.788944723618090649e+00 4.523416576812181182e-05
-2.758793969849246075e+00 6.318864030275681205e-05
-2.728643216080401945e+00 8.776955882210965923e-05
-2.698492462311557816e+00 1.212219596531395165e-04
-2.668341708542713686e+00 1.664758210882731865e-04
-2.638190954773869557e+00 2.273283034143228575e-04
-2.608040201005024983e+00 3.086656744607461640e-04
-2.577889447236180853e+00 4.167308397101449264e-04
-2.547738693467336724e+00 5.594424618565015583e-04
-2.517587939698492594e+00 7.467714253435715852e-04
-2.487437185929648464e+00 9.911797869609744859e-04
-2.457286432160803891e+00 1.308126254732661130e-03
-2.427135678391959761e+00 1.716640552002996010e-03
-2.396984924623115631e+00 2.239966653276160083e-03
-2.366834170854271502e+00 2.906271736292986851e-03
-2.336683417085427372e+00 3.749413716261212719e-03
-2.306532663316582799e+00 4.809755381912332248e-03
-2.276381909547738669e+00 6.135007454330426192e-03
-2.246231155778894539e+00 7.781076412990911052e-03
-2.216080402010050410e+00 9.812885825914212379e-03
-2.185929648241206280e+00 1.230513241179223560e-02
-2.155778894472361706e+00 1.534293047108556407e-02
-2.125628140703517577e+00 1.902229106294808791e-02
-2.095477386934673447e+00 2.345037587705593035e-02
-2.065326633165829318e+00 2.874546073325829135e-02
-2.035175879396985188e+00 3.503654067397565797e-02
-2.005025125628140614e+00 4.246250835844517235e-02
-1.974874371859296485e+00 5.117084057653197710e-02
-1.944723618090452355e+00 6.131573476578799226e-02
-1.914572864321608003e+00 7.305564891802389382e-02
-1.884422110552763874e+00 8.655021450864534838e-02
-1.854271356783919744e+00 1.019565131519001161e-01
-1.824120603015075393e+00 1.194247333743820028e-01
-1.793969849246231263e+00 1.390932536791556762e-01
-1.763819095477386911e+00 1.610832310631377384e-01
-1.733668341708542782e+00 1.854928091117517830e-01
-1.703517587939698652e+00 2.123910951484147824e-01
-1.673366834170854300e+00 2.418120897900226107e-01
-1.643216080402010171e+00 2.737487825644461248e-01
-1.613065326633165819e+00 3.081476517808427462e-01
-1.582914572864321689e+00 3.449038234236689315e-01
-1.552763819095477338e+00 3.838571504459055150e-01
-1.522613065326633208e+00 4.247894687658599344e-01
-1.492462311557789079e+00 4.674232683004549416e-01
-1.462311557788944727e+00 5.114219858886053238e-01
-1.432160804020100597e+00 5.563920820957525271e-01
-1.402010050251256246e+00 6.018870065778654244e-01
-1.371859296482412116e+00 6.474130886892193182e-01
-1.341708542713567986e+00 6.924373139191696280e-01
-1.311557788944723635e+00 7.363968658332964434e-01
-1.281407035175879505e+00 7.787102313388266639e-01
-1.251256281407035154e+00 8.187895885280072061e-01
-1.221105527638191024e+00 8.560541254379568921e-01
-1.190954773869346894e+00 8.899438790201635863e-01
-1.160804020100502543e+00 9.199336402338221808e-01
-1.130653266331658413e+00 9.455464465723567580e-01
-1.100502512562814061e+00 9.663661796857054842e-01
-1.070351758793969932e+00 9.820488041499585430e-01
-1.040201005025125802e+00 9.923318237172265022e-01
-1.010050251256281451e+00 9.970415921520087155e-01
-9.798994974874370989e-01 9.960981944186159120e-01
-9.497487437185929693e-01 9.895177068461676884e-01
-9.195979899497488397e-01 9.774117474176956533e-01
-8.894472361809047101e-01 9.599843343690857012e-01
-8.592964824120605805e-01 9.375261774243845991e-01
-8.291457286432160068e-01 9.104066258746843499e-01
-7.989949748743718771e-01 8.790635863530078531e-01
-7.688442211055277475e-01 8.439917962806857687e-01
-7.386934673366836179e-01 8.057298932161074401e-01
-7.085427135678394883e-01 7.648467535049454646e-01
-6.783919597989949146e-01 7.219275847243047384e-01
-6.482412060301507850e-01 6.775602456963175646e-01
-6.180904522613066554e-01 6.323222367733798421e-01
-5.879396984924625258e-01 5.867687541714852184e-01
-5.577889447236183962e-01 5.414221387017608134e-01
-5.276381909547738225e-01 4.967629752755012285e-01
-4.974874371859296929e-01 4.532230193140526775e-01
-4.673366834170855633e-01 4.111800440106668231e-01
-4.371859296482414337e-01 3.709546223832619893e-01
-4.070351758793973040e-01 3.328087838992893621e-01
-3.768844221105527303e-01 2.969464201967803585e-01
-3.467336683417086007e-01 2.635152603683249550e-01
-3.165829145728644711e-01 2.326101948990299539e-01
-2.864321608040203415e-01 2.042776993129825913e-01
-2.562814070351762119e-01 1.785210937659066077e-01
-2.261306532663316382e-01 1.553063724213564756e-01
-1.959798994974875086e-01 1.345683451042611056e-01
-1.658291457286433790e-01 1.162168516720608058e-01
-1.356783919597992494e-01 1.001428347638710081e-01
-1.055276381909546757e-01 8.622408697076627826e-02
-7.537688442211054607e-02 7.433052194944353430e-02
-4.522613065326641646e-02 6.432885367437747581e-02
-1.507537688442228685e-02 5.608660224050451143e-02
1.507537688442184276e-02 4.947537705219729604e-02
4.522613065326641646e-02 4.437341786817398936e-02
7.537688442211054607e-02 4.066740035932383396e-02
1.055276381909546757e-01 3.825353523524400307e-02
1.356783919597988053e-01 3.703800853358901746e-02
1.658291457286429349e-01 3.693682548444333913e-02
1.959798994974875086e-01 3.787513174804447991e-02
2.261306532663316382e-01 3.978609414950254330e-02
2.562814070351757678e-01 4.260942869306139774e-02
2.864321608040198974e-01 4.628966699811420948e-02
3.165829145728640270e-01 5.077425366210618074e-02
3.467336683417086007e-01 5.601156663654084655e-02
3.768844221105527303e-01 6.194895062134282010e-02
4.070351758793968600e-01 6.853084977146181589e-02
4.371859296482409896e-01 7.569712063097050470e-02
4.673366834170851192e-01 8.338159908816243637e-02
4.974874371859296929e-01 9.151098620122855021e-02
5.276381909547738225e-01 1.000041069339102640e-01
5.577889447236179521e-01 1.087715831914911058e-01
5.879396984924620817e-01 1.177159481894363841e-01
6.180904522613062113e-01 1.267322133742963264e-01
6.482412060301507850e-01 1.357088822386054716e-01
6.783919597989949146e-01 1.445293879504540302e-01
7.085427135678390442e-01 1.530739143925479995e-01
7.386934673366831738e-01 1.612215437004500818e-01
7.688442211055273035e-01 1.688526584777380601e-01
7.989949748743718771e-01 1.758515143177104278e-01
8.291457286432160068e-01 1.821088887928115352e-01
8.592964824120601364e-01 1.875247072915432744e-01
8.894472361809042660e-01 1.920105444378680803e-01
9.195979899497483956e-01 1.954919025708194702e-01
9.497487437185929693e-01 1.979101759153021334e-01
9.798994974874370989e-01 1.992242204203465705e-01
1.010050251256281229e+00 1.994114643208227400e-01
1.040201005025125802e+00 1.984685126159548285e-01
1.070351758793969488e+00 1.964112189923672702e-01
1.100502512562814061e+00 1.932742202558881961e-01
1.130653266331657747e+00 1.891099500050369975e-01
1.160804020100502321e+00 1.839871690004064031e-01
1.190954773869346894e+00 1.779890684349728358e-01
1.221105527638190580e+00 1.712110181865943992e-01
1.251256281407035154e+00 1.637580444043426342e-01
1.281407035175878839e+00 1.557421289280791210e-01
1.311557788944723413e+00 1.472794267900507659e-01
1.341708542713567986e+00 1.384874973733102033e-01
1.371859296482411672e+00 1.294826399231884528e-01
1.402010050251256246e+00 1.203774154644133565e-01
1.432160804020099931e+00 1.112784253915376081e-01
1.462311557788944505e+00 1.022844028352609541e-01
1.492462311557789079e+00 9.348465720724243033e-02
1.522613065326632764e+00 8.495789596455692594e-02
1.552763819095477338e+00 7.677143146000413310e-02
1.582914572864321023e+00 6.898076552968381014e-02
1.613065326633165597e+00 6.162953087402932295e-02
1.643216080402010171e+00 5.474975682848232106e-02
1.673366834170853856e+00 4.836241814924273352e-02
1.703517587939698430e+00 4.247821914490991502e-02
1.733668341708542115e+00 3.709856189138491245e-02
1.763819095477386689e+00 3.221664625375299240e-02
1.793969849246231263e+00 2.781865076019169117e-02
1.824120603015074948e+00 2.388494668922461553e-02
1.854271356783919522e+00 2.039130263878313060e-02
1.884422110552763208e+00 1.731004290662254905e-02
1.914572864321607781e+00 1.461112978643827609e-02
1.944723618090452355e+00 1.226314695478899347e-02
1.974874371859296041e+00 1.023416811624038372e-02
2.005025125628140614e+00 8.492501672220695297e-03
2.035175879396984300e+00 7.007308135096105596e-03
2.065326633165828873e+00 5.749092146821043955e-03
2.095477386934673447e+00 4.690075175505971881e-03
2.125628140703517133e+00 3.804458212642372605e-03
2.155778894472361706e+00 3.068586094246296848e-03
2.185929648241205392e+00 2.461026482374519073e-03
2.216080402010049966e+00 1.962577165191633447e-03
2.246231155778894539e+00 1.556215282602960029e-03
2.276381909547738225e+00 1.227001490868673749e-03
2.306532663316582799e+00 9.619510763838571990e-04
2.336683417085426484e+00 7.498827432529918142e-04
2.366834170854271058e+00 5.812543472589941449e-04
2.396984924623115631e+00 4.479933306554405737e-04
2.427135678391959317e+00 3.433281104007102785e-04
2.457286432160803891e+00 2.616252509465896562e-04
2.487437185929647576e+00 1.982359573922263445e-04
2.517587939698492150e+00 1.493542850687302657e-04
2.547738693467336724e+00 1.118884923713083537e-04
2.577889447236180409e+00 8.334616794203332480e-05
2.608040201005024983e+00 6.173313489215129549e-05
2.638190954773868668e+00 4.546566068286602027e-05
2.668341708542713242e+00 3.329516421765533525e-05
2.698492462311557816e+00 2.424439193062816352e-05
2.728643216080401501e+00 1.755391176442212361e-05
2.758793969849246075e+00 1.263772806055144881e-05
2.788944723618090649e+00 9.046833153624393535e-06
2.819095477386934334e+00 6.439566551411334062e-06
2.849246231155778908e+00 4.557736054382803968e-06
2.879396984924622593e+00 3.207555546338952410e-06
2.909547738693467167e+00 2.244562387009684663e-06
2.939698492462311741e+00 1.561786469816553063e-06
2.969849246231155426e+00 1.080548117889626445e-06
3.000000000000000000e+00 7.433597573671491566e-07
